  0.000000	       0.000000
  8.827985	      15.137613
 17.655970	      29.969418
 26.483955	      44.495411
 35.311939	      58.715591
 44.139927	      72.629967
 52.967911	      86.238533
 61.795898	      99.541283
 70.623878	     112.538216
 79.451866	     125.229347
 88.279854	     137.614670
 97.107841	     149.694199
105.935822	     161.467896
114.763809	     172.935791
123.591797	     184.097855
132.419769	     194.954102
141.247757	     205.504578
150.075745	     215.749237
158.903732	     225.688049
167.731720	     235.321091
176.559708	     244.648315
185.387695	     253.669724
194.215683	     262.385315
203.043655	     270.795105
211.871643	     278.899078
220.699631	     286.697266
229.527618	     294.189606
238.355606	     301.376160
247.183594	     308.256866
256.011566	     314.831787
264.839539	     321.100891
273.667542	     327.064209
282.495514	     332.721680
291.323517	     338.073395
300.151489	     343.119293
308.979492	     347.859314
317.807465	     352.293518
326.635437	     356.421997
335.463440	     360.244629
344.291412	     363.761475
353.119415	     366.972473
361.947388	     369.877686
370.775391	     372.477051
379.603363	     374.770660
388.431366	     376.758423
397.259338	     378.440308
406.087311	     379.816498
414.915314	     380.886810
423.743286	     381.651367
432.571289	     382.110046
441.399261	     382.263000
450.227264	     382.110046
459.055237	     381.651398
467.883209	     380.886810
476.711212	     379.816528
485.539185	     378.440369
494.367188	     376.758362
503.195160	     374.770630
512.023132	     372.477051
520.851135	     369.877686
529.679077	     366.972412
538.507080	     363.761475
547.335083	     360.244629
556.163086	     356.421997
564.991028	     352.293518
573.819031	     347.859314
582.647034	     343.119263
591.474976	     338.073364
600.302979	     332.721802
609.130981	     327.064209
617.958984	     321.100891
626.786926	     314.831787
635.614929	     308.256775
644.442932	     301.376160
653.270874	     294.189575
662.098877	     286.697205
670.926880	     278.899048
679.754822	     270.795166
688.582825	     262.385315
697.410889	     253.669678
706.238831	     244.648254
715.066772	     235.321167
723.894775	     225.688110
732.722839	     215.749146
741.550781	     205.504517
750.378723	     194.953979
759.206726	     184.097900
768.034668	     172.935791
776.862732	     161.467896
785.690674	     149.694214
794.518677	     137.614502
803.346619	     125.229370
812.174622	     112.538208
821.002686	      99.541138
829.830627	      86.238403
838.658569	      72.630005
847.486572	      58.715576
856.314514	      44.495361
865.142578	      29.969238
873.970520	      15.137573
882.798523	       0.000000
891.626465	     -15.443359
  0.000000	       0.000000
  2.548420	       2.522936
  5.096839	       4.994903
  7.645259	       7.415902
 10.193679	       9.785932
 12.742100	      12.104995
 15.290519	      14.373088
 17.838938	      16.590212
 20.387358	      18.756369
 22.935780	      20.871559
 25.484200	      22.935780
 28.032618	      24.949030
 30.581038	      26.911312
 33.129459	      28.822630
 35.677876	      30.682972
 38.226295	      32.492352
 40.774715	      34.250763
 43.323135	      35.958202
 45.871559	      37.614677
 48.419975	      39.220181
 50.968399	      40.774719
 53.516815	      42.278282
 56.065235	      43.730881
 58.613659	      45.132515
 61.162075	      46.483177
 63.710495	      47.782871
 66.258919	      49.031601
 68.807335	      50.229355
 71.355751	      51.376141
 73.904175	      52.471962
 76.452591	      53.516815
 79.001015	      54.510696
 81.549431	      55.453613
 84.097855	      56.345558
 86.646271	      57.186539
 89.194695	      57.976547
 91.743118	      58.715591
 94.291534	      59.403664
 96.839951	      60.040768
 99.388367	      60.626900
101.936798	      61.162075
104.485214	      61.646271
107.033630	      62.079502
109.582054	      62.461765
112.130470	      62.793060
114.678886	      63.073387
117.227318	      63.302746
119.775734	      63.481133
122.324150	      63.608555
124.872566	      63.685005
127.420990	      63.710491
129.969421	      63.685005
132.517838	      63.608559
135.066254	      63.481133
137.614670	      63.302742
140.163086	      63.073380
142.711502	      62.793060
145.259933	      62.461761
147.808350	      62.079498
150.356766	      61.646271
152.905182	      61.162071
155.453598	      60.626907
158.002029	      60.040764
160.550446	      59.403664
163.098862	      58.715591
165.647278	      57.976540
168.195709	      57.186531
170.744125	      56.345551
173.292542	      55.453613
175.840958	      54.510689
178.389389	      53.516808
180.937805	      52.471954
183.486237	      51.376129
186.034653	      50.229340
188.583069	      49.031586
191.131485	      47.782852
193.679901	      46.483170
196.228317	      45.132523
198.776733	      43.730865
201.325150	      42.278275
203.873596	      40.774704
206.422012	      39.220169
208.970428	      37.614655
211.518845	      35.958191
214.067261	      34.250748
216.615677	      32.492340
219.164108	      30.682953
221.712524	      28.822601
224.260941	      26.911301
226.809357	      24.949020
229.357773	      22.935776
231.906204	      20.871536
234.454636	      18.756348
237.003052	      16.590195
239.551468	      14.373062
242.099884	      12.104965
244.648300	       9.785919
247.196716	       7.415894
249.745132	       4.994888
252.293549	       2.522934
254.841980	      -0.000015
257.390381	      -2.573883
  0.000000	       0.000000
 12.712298	       7.266055
 25.424597	      14.385320
 38.136894	      21.357794
 50.849194	      28.183483
 63.561493	      34.862381
 76.273788	      41.394489
 88.986092	      47.779816
101.698387	      54.018345
114.410683	      60.110085
127.122986	      66.055038
139.835281	      71.853195
152.547577	      77.504578
165.259888	      83.009171
177.972183	      88.366966
190.684479	      93.577972
203.396774	      98.642197
216.109085	     103.559631
228.821365	     108.330261
241.533676	     112.954117
254.245972	     117.431175
266.958252	     121.761452
279.670563	     125.944931
292.382874	     129.981644
305.095154	     133.871536
317.807465	     137.614670
330.519775	     141.210999
343.232056	     144.660538
355.944366	     147.963287
368.656647	     151.119247
381.368958	     154.128433
394.081238	     156.990814
406.793549	     159.706421
419.505859	     162.275208
432.218170	     164.697235
444.930481	     166.972473
457.642731	     169.100891
470.355042	     171.082550
483.067352	     172.917404
495.779663	     174.605499
508.491943	     176.146759
521.204285	     177.541260
533.916504	     178.788971
546.628845	     179.889893
559.341125	     180.843994
572.053467	     181.651352
584.765747	     182.311905
597.478027	     182.825668
610.190308	     183.192627
622.902588	     183.412827
635.614929	     183.486221
648.327209	     183.412842
661.039551	     183.192657
673.751770	     182.825668
686.464111	     182.311905
699.176392	     181.651367
711.888733	     180.844025
724.601013	     179.889877
737.313293	     178.788971
750.025635	     177.541275
762.737915	     176.146790
775.450256	     174.605469
788.162476	     172.917419
800.874817	     171.082550
813.587097	     169.100922
826.299377	     166.972443
839.011719	     164.697205
851.723999	     162.275208
864.436340	     159.706390
877.148621	     156.990814
889.860962	     154.128418
902.573181	     151.119202
915.285461	     147.963287
927.997803	     144.660522
940.710083	     141.210999
953.422424	     137.614655
966.134705	     133.871521
978.846924	     129.981628
991.559326	     125.944946
1004.271545	     121.761444
1016.983887	     117.431122
1029.696167	     112.954102
1042.408569	     108.330200
1055.120728	     103.559662
1067.833008	      98.642212
1080.545410	      93.577942
1093.257690	      88.366943
1105.969971	      83.009155
1118.682251	      77.504517
1131.394653	      71.853149
1144.106934	      66.054993
1156.819092	      60.110168
1169.531494	      54.018311
1182.243774	      47.779785
1194.956055	      41.394470
1207.668335	      34.862427
1220.380615	      28.183472
1233.093018	      21.357788
1245.805176	      14.385376
1258.517578	       7.266052
1271.229858	       0.000000
1283.942139	      -7.412842
  0.000000	       0.000000
  0.088280	       0.050459
  0.176560	       0.099898
  0.264840	       0.148318
  0.353119	       0.195719
  0.441399	       0.242100
  0.529679	       0.287462
  0.617959	       0.331804
  0.706239	       0.375127
  0.794519	       0.417431
  0.882799	       0.458716
  0.971078	       0.498981
  1.059358	       0.538226
  1.147638	       0.576453
  1.235918	       0.613660
  1.324198	       0.649847
  1.412478	       0.685015
  1.500758	       0.719164
  1.589037	       0.752294
  1.677317	       0.784404
  1.765597	       0.815494
  1.853877	       0.845566
  1.942157	       0.874618
  2.030437	       0.902650
  2.118716	       0.929663
  2.206996	       0.955657
  2.295276	       0.980632
  2.383556	       1.004587
  2.471836	       1.027523
  2.560116	       1.049439
  2.648396	       1.070336
  2.736676	       1.090214
  2.824955	       1.109072
  2.913235	       1.126911
  3.001515	       1.143731
  3.089795	       1.159531
  3.178075	       1.174312
  3.266355	       1.188073
  3.354635	       1.200815
  3.442914	       1.212538
  3.531194	       1.223242
  3.619474	       1.232925
  3.707754	       1.241590
  3.796034	       1.249235
  3.884314	       1.255861
  3.972594	       1.261468
  4.060874	       1.266055
  4.149153	       1.269623
  4.237433	       1.272171
  4.325713	       1.273700
  4.413993	       1.274210
  4.502273	       1.273700
  4.590553	       1.272171
  4.678833	       1.269623
  4.767112	       1.266055
  4.855392	       1.261468
  4.943672	       1.255861
  5.031952	       1.249235
  5.120232	       1.241590
  5.208511	       1.232926
  5.296792	       1.223241
  5.385071	       1.212538
  5.473351	       1.200815
  5.561631	       1.188073
  5.649911	       1.174312
  5.738191	       1.159531
  5.826470	       1.143731
  5.914751	       1.126911
  6.003030	       1.109072
  6.091311	       1.090214
  6.179590	       1.070336
  6.267870	       1.049439
  6.356150	       1.027523
  6.444429	       1.004587
  6.532709	       0.980632
  6.620989	       0.955657
  6.709270	       0.929663
  6.797549	       0.902650
  6.885829	       0.874617
  6.974109	       0.845566
  7.062389	       0.815494
  7.150668	       0.784403
  7.238948	       0.752293
  7.327229	       0.719164
  7.415508	       0.685015
  7.503788	       0.649847
  7.592068	       0.613659
  7.680348	       0.576452
  7.768627	       0.538226
  7.856907	       0.498981
  7.945188	       0.458715
  8.033466	       0.417431
  8.121747	       0.375127
  8.210027	       0.331804
  8.298306	       0.287461
  8.386586	       0.242099
  8.474866	       0.195718
  8.563147	       0.148318
  8.651425	       0.099898
  8.739706	       0.050458
  8.827986	      -0.000000
  8.916265	      -0.051479
